BEST[326]:0.264213004460434
BEST[886]:0.269145976243188
